## Linear cooling scheme
##
# TimeStep v_rfet3 v_rfeo3 c_pe
17 2192542 1 0.666667 -215744
19 2728122 1 0.65 -239641
21 3321692 1 0.636364 -263213
23 3973483 1 0.625 -286930
25 4684101 1 0.615385 -310646
27 5451707 1 0.607143 -334266
29 6279876 1 0.6 -358175
31 7164207 1 0.59375 -379831
33 8108143 1 0.58823529  -403669.2508720758108143
35 9110144 1 0.583333 -427181
37 10171885 1 0.578947 -453113
39 11289899 1 0.575 -476804.815120936
41 12467488 1 0.571429 -498314.138622462
43 13702722 1 0.568182 -521880.77978902
45 14997012 1 0.565217 -545603.566270485
47 16349362 1 0.5625 -569215.718101397


## Exponential cooling scheme

21 8709600 1 0.636364 -263179
23 10518242 1 0.625 -287130
25 12515743 1 0.615385 -310762
27 14025240 1 0.607143 -334469
29 16936681 1 0.6 -358248
31 19503311 1 0.59375 -379821
33 
35 25028233 1 0.583333 -427169
37 28196354 1 0.578947 -453167
39 31298401 1 0.575 -476858
41 34873350 0.994444 0.574074 -500855
